0
2
8
8
9
9
10
10
16
18
19
20
21
22
24
26
27
27
30
34
41
43
46
48
56
57
57
62
68
70
72
73
75
81
83
85
86
87
87
88
102
103
103
104
105
107
108
109
114
118
120
122
122
125
127
129
131
136
137
138
138
140
140
142
142
143
143
146
146
155
156
156
157
158
158
160
160
161
165
167
168
172
172
176
177
178
186
187
188
192
193
194
198
201
201
204
204
204
206
207
210
211
211
212
214
216
220
220
221
224
227
228
231
231
233
235
236
237
239
239
239
240
240
241
241
241
242
243
246
249
249
251
255
257
257
257
262
264
265
269
271
272
272
273
274
274
276
277
279
284
284
286
287
289
289
290
291
292
299
299
301
302
303
303
304
307
309
309
314
322
324
326
326
329
330
332
333
338
344
348
351
356
356
363
374
375
377
379
381
381
385
386
389
396
402
404
405
406
408
408
410
411
413
414
415
415
416
416
417
418
419
423
424
428
431
431
434
435
437
438
440
440
440
441
442
444
446
454
457
458
460
460
461
461
462
462
465
467
470
470
470
472
477
481
485
487
488
490
494
495
495
496
499
500
501
507
508
509
510
511
512
515
516
517
518
521
524
526
527
527
528
529
533
534
540
546
552
553
556
557
557
559
559
563
566
567
567
572
572
574
574
575
577
580
580
581
583
587
590
593
594
596
597
602
610
610
611
612
612
612
614
614
614
623
628
632
633
638
642
643
648
648
653
659
661
661
662
666
670
672
672
676
677
677
679
684
684
685
686
686
687
689
690
694
694
694
696
698
699
701
703
703
703
703
706
706
707
710
712
713
716
717
719
721
724
729
731
731
732
735
735
736
739
740
740
741
743
743
743
744
749
755
755
755
756
756
759
761
762
763
763
764
764
766
767
770
771
772
772
774
776
785
786
788
790
790
791
795
796
800
800
802
806
810
811
812
815
816
816
816
819
820
821
825
827
828
828
828
830
831
833
834
834
836
843
844
844
845
846
846
848
849
852
853
857
857
862
864
867
867
872
875
881
886
887
894
898
902
904
906
910
914
916
920
920
921
922
922
923
923
926
927
928
930
937
937
937
939
939
944
946
949
950
955
965
971
973
974
976
977
978
980
981
981
982
982
984
984
985
1000
