-1735
-14769
-3993
-10778
-5636
-5609
3520
-8886
4375
172
5437
-3076
11681
-7539
-10950
-5886
-8642
-9843
-10002
12154
-8278
9104
14163
-14037
261
-14814
-7821
11182
-8321
12756
-599
-7124
12987
10408
-2902
-7649
-10202
-14382
-13603
-2895
790
-5233
9029
-14598
-9840
1012
12450
-3482
6169
-12553
-6328
823
-517
10767
1786
14744
-1115
-3102
-1143
5564
-5347
1190
13440
-7360
-3403
13470
-12077
-10673
14088
7253
1432
-12191
-12981
13394
-11788
-7820
-595
-14339
3698
8506
6041
302
-5671
8456
14001
11115
-3869
-2115
10945
9988
-11552
8531
-3822
4820
-13830
-4293
3290
7026
35
-9691
-722
4399
-6881
-10770
-9276
14264
-3590
5129
2857
3040
-13433
11830
6275
-4104
5285
5275
9943
4348
-11840
5888
-665
9541
-582
-1555
-639
-11480
-2915
5583
-1522
52
10892
688
-10550
6943
4918
-4825
6206
4260
3236
11995
10233
-7265
8824
-10561
3631
-12960
9714
-13494
6388
806
-4674
8656
-4653
-2324
10033
-2360
1196
-7883
-11778
2606
-4899
14114
-11707
-12516
6057
-3856
-14409
-14806
3336
3827
12190
-1432
11563
-6055
3007
-11875
13919
-14347
-10369
5306
1459
-43
-13107
-262
565
-141
12378
4693
-5092
-14401
-7702
5010
2646
13525
7494
-6298
12601
8085
11829
936
14844
-3050
2437
-662
5896
8376
2464
-7254
9029
-4973
984
13421
-2083
2878
-1842
13482
-12264
-4464
3175
-14424
14068
-1595
5586
1713
-3071
-1921
-1653
12462
9096
-4824
-1602
8940
-4942
-14166
11210
-14047
9210
-13395
11632
-8829
-3367
-2384
-10409
-2518
3426
-9319
13896
6162
1217
-9998
-5330
285
3408
-14744
4930
3269
-13733
-11723
731
10364
-13615
2061
-7765
-3557
2895
-11556
-14671
-14964
-9950
11961
-8793
-10385
-5424
13731
2097
13002
-10588
-11076
-7905
-6439
-6073
1766
8846
267
-10046
-13292
6468
-8779
-10015
-7802
4517
-8630
9259
11752
2813
-14915
3129
-8926
3055
8179
-11965
-2806
726
-2389
-4075
5755
13546
-11731
9679
8573
-3170
6538
-4662
8609
-8196
-11776
10317
13273
-5554
3234
8403
1895
9604
-9406
-13421
-14652
8612
4708
-8577
-3334
-14182
-5542
8861
-10524
-4999
7718
10231
11479
10987
4909
5052
10749
-3553
3322
4357
-8817
6547
-12395
-10545
3925
5839
791
-9181
442
6385
10331
-11277
-4
-12030
-4854
11663
6721
-7464
-6545
11197
2537
-13828
6427
-13052
91
14269
7000
-4161
13648
-4679
-14804
-10170
4800
5734
12219
-6276
-3427
-1991
-12524
12015
-10607
739
3670
-7679
3710
13816
-11017
-4570
-8649
-14630
9560
-3179
4475
-11082
-1231
-10435
6119
8701
405
4766
6954
-11467
-2471
-3246
9267
-5253
-6590
8772
-4312
13819
5787
81
-442
-5544
7402
6200
11205
-682
4562
5488
-12380
-879
-12692
7096
-9028
-10991
11661
12091
642
14998
1857
-7404
-11470
14386
-7718
730
12065
692
-5499
-7248
-12557
3220
-4235
2001
609
6099
-6800
14746
8349
12762
5233
10970
14816
-4526
3065
-9213
-12585
-275
-12123
3058
-12345
-7334
10654
9118
9984
-12065
-5153
7048
-8441
-7719
2732
-5998
-1567
1429
-1065
1974
-7472
7135
1719
-14124
-7171
-8048
-222
10577
-9642
-12158
4296
-7227
-9500
7173
10831
-6845
2772
-5584
-12728
-2245
-14717
-14948
7736
9776
10266
13400
-11223
-6302
-171
-9355
10673
7357
12780
-2609
-3835
8541
-7725
10944
-7951
-2367
1718
11345
5407
-4850
-8550
-10831
3305
9222
-1414
-6490
9909
-13199
11495
2644
11577
6760
1044
-14646
3390
3805
-9001
-938
14094
6711
-614
-4742
-11816
-5407
9134
-4767
7227
-4148
9511
-14435
-6066
-14040
-10266
172
10182
-8748
8682
5090
-6946
-6892
10667
7563
2800
14643
7917
-8811
3447
1848
-6816
2540
11492
7570
730
2608
-12838
-5136
773
-2679
-6352
-4717
-2114
2582
-3757
-9447
-12247
9357
14738
-633
-553
10724
7475
13046
3287
13207
12688
14136
-10604
-10934
-11084
-2420
6606
3340
8082
10268
-9053
-1824
-9869
-5348
10498
-13289
4936
11316
-7774
4111
4801
-5021
-1532
-7529
-2721
847
-11806
7686
-1108
-5587
5893
14512
11482
10289
-11423
-14603
10801
-1885
3737
3882
-6618
-2384
-12943
-13554
7268
487
-11843
-14865
14736
-4617
4247
4536
-6705
-12286
-61
5574
3561
3134
-1741
-12548
479
-10849
4896
-3040
2372
8473
-14711
-1828
-8413
4026
4986
-12099
4574
-5024
-10653
-3158
10463
10438
-3023
10198
8753
-13777
-12334
4980
6870
2605
-4447
-4570
8671
-3255
-14186
12083
-11172
5710
-5958
-5867
-12886
-5668
-4763
11634
1290
-14777
14536
-9136
-4801
6815
-9362
8594
-9816
-9453
-8276
13938
-8229
12323
-8151
1573
-73
-9665
12004
11531
2080
750
8613
-6160
9393
5587
2973
-561
14919
13211
-3927
-10859
1366
13541
-4995
-503
5355
643
-6910
-1528
6190
-12254
-14659
893
-14932
-7810
5399
-12072
-2475
2402
2391
2537
6084
-3997
11378
-11592
4522
-12718
2848
4441
3425
13921
8582
-10210
393
6519
-7781
8680
10094
310
-7849
-10785
-9012
-7508
-6959
8990
-12385
13440
11918
140
-11227
-12760
-12323
9857
-13825
1987
1198
5697
-7799
-10955
13070
10627
5898
6651
3349
-8710
-13899
10569
14970
11195
13811
10054
-14590
7731
5478
11384
1720
8093
9823
-13431
-6767
13596
-11191
13843
-3616
-10016
-11239
12582
-1386
-4038
4559
-3317
9521
-4544
-11666
-14198
-10322
7368
-697
7581
-8505
-1887
2634
9838
8776
-6889
6221
-4504
-13796
1043
14998
12370
-12430
-11193
-856
-1046
11724
2905
14469
-4663
1799
4027
7021
14253
2416
-1713
-14946
7094
-9346
-643
-326
-2851
402
5240
-8014
-5823
13352
1139
-7395
2488
-12819
-7397
-12211
-10249
14343
-10135
-8362
11066
-4298
-8894
9336
433
10133
1356
-315
-2452
2575
-12329
7575
8229
-10040
-7752
8311
5362
421
3229
2472
-13296
-10632
10077
4192
9482
5612
-5087
14234
4954
-222
8804
1020
-1588
14910
-4645
13845
-2026
-357
-1470
10523
-12783
1201
3097
-1622
-5906
-1723
-8312
14456
13698
-2150
-10141
-14599
-9850
2869
-7475
14632
-6520
-9630
1797
13435
-6920
-4400
-12614
6492
-4491
-2259
5337
-3584
316
6799
-8062
2533
10932
-2033
-14090
-9975
-824
10532
7414
-2126
-6619
12273
-13793
-1469
141
11666
-13906
8622
-12965
2892
7056
-4884
1424
-2626
4540
-134
10115
-5124
11282
13363
4607
6152
895
539
-10882
-10263
5564
3294
-14732
-2023
4100
11582
-4750
-6760
13045
-1677
7838
14140
-8056
9873
-10037
1932
7921
6387
